1.1884057971, 	0.521739130435
1.04545454545, 	0.521739130435
1.04545454545, 	0.521739130435
1.13636363636, 	0.521739130435
1.15873015873, 	0.521739130435
1.14516129032, 	0.521739130435
1.09836065574, 	0.521739130435
1.05, 	0.521739130435
1.08333333333, 	0.521739130435
1.15, 	0.521739130435
1.13559322034, 	0.521739130435
1.13559322034, 	0.521739130435
1.13559322034, 	0.521739130435
1.01724137931, 	0.521739130435
1.08620689655, 	0.521739130435
1.08620689655, 	0.521739130435
1.12068965517, 	0.521739130435
1.0701754386, 	0.521739130435
1.10526315789, 	0.521739130435
1.10526315789, 	0.521739130435
1.10526315789, 	0.521739130435
1.32727272727, 	0.521739130435
1.4, 	0.521739130435
1.05769230769, 	0.521739130435
1.05769230769, 	0.521739130435
1.05769230769, 	0.521739130435
0.901960784314, 	0.521739130435
1.03921568627, 	0.521739130435
1.03921568627, 	0.521739130435
1.03921568627, 	0.521739130435
1.03921568627, 	0.521739130435
1.1568627451, 	0.521739130435
1.14, 	0.521739130435
0.816326530612, 	0.521739130435
1.18367346939, 	0.521739130435
1.20408163265, 	0.521739130435
1.20408163265, 	0.521739130435
0.833333333333, 	0.521739130435
1.16666666667, 	0.521739130435
1.16666666667, 	0.521739130435
1.16666666667, 	0.521739130435
1.1875, 	0.521739130435
1.1875, 	0.521739130435
1.17021276596, 	0.521739130435
1.10869565217, 	0.521739130435
1.19565217391, 	0.521739130435
1.08888888889, 	0.521739130435
1.08888888889, 	0.521739130435
1.08888888889, 	0.521739130435
1.15555555556, 	0.521739130435
1.17777777778, 	0.521739130435
1.24444444444, 	0.521739130435
1.33333333333, 	0.521739130435
0.909090909091, 	0.521739130435
1.02272727273, 	0.521739130435
1.06818181818, 	0.521739130435
1.06818181818, 	0.521739130435
1.13636363636, 	0.521739130435
1.13636363636, 	0.521739130435
1.15909090909, 	0.521739130435
1.15909090909, 	0.521739130435
1.15909090909, 	0.521739130435
1.31818181818, 	0.521739130435
0.837209302326, 	0.521739130435
0.976744186047, 	0.521739130435
1.09302325581, 	0.521739130435
1.11627906977, 	0.521739130435
1.11627906977, 	0.521739130435
1.11627906977, 	0.521739130435
1.11627906977, 	0.521739130435
1.13953488372, 	0.521739130435
1.13953488372, 	0.521739130435
1.13953488372, 	0.521739130435
1.20930232558, 	0.521739130435
1.25581395349, 	0.521739130435
1.3023255814, 	0.521739130435
0.837209302326, 	0.521739130435
0.976744186047, 	0.521739130435
1.09302325581, 	0.521739130435
1.11627906977, 	0.521739130435
1.11627906977, 	0.521739130435
1.11627906977, 	0.521739130435
1.11627906977, 	0.521739130435
1.13953488372, 	0.521739130435
1.13953488372, 	0.521739130435
1.13953488372, 	0.521739130435
1.20930232558, 	0.521739130435
1.25581395349, 	0.521739130435
1.3023255814, 	0.521739130435
1.0, 	0.521739130435
1.0487804878, 	0.521739130435
1.07317073171, 	0.521739130435
1.07317073171, 	0.521739130435
1.07317073171, 	0.521739130435
1.09756097561, 	0.521739130435
1.19512195122, 	0.521739130435
1.26829268293, 	0.521739130435
0.85, 	0.521739130435
0.85, 	0.521739130435
0.95, 	0.521739130435
0.95, 	0.521739130435
1.0, 	0.521739130435
1.025, 	0.521739130435
1.025, 	0.521739130435
1.1, 	0.521739130435
1.125, 	0.521739130435
1.125, 	0.521739130435
1.25, 	0.521739130435
1.3, 	0.521739130435
1.3, 	0.521739130435
1.3, 	0.521739130435
1.325, 	0.521739130435
0.820512820513, 	0.521739130435
0.820512820513, 	0.521739130435
0.820512820513, 	0.521739130435
0.871794871795, 	0.521739130435
0.871794871795, 	0.521739130435
0.974358974359, 	0.521739130435
1.0, 	0.521739130435
1.0, 	0.521739130435
1.0, 	0.521739130435
1.0, 	0.521739130435
1.05128205128, 	0.521739130435
1.07692307692, 	0.521739130435
1.07692307692, 	0.521739130435
1.10256410256, 	0.521739130435
1.10256410256, 	0.521739130435
1.17948717949, 	0.521739130435
1.28205128205, 	0.521739130435
1.28205128205, 	0.521739130435
1.28205128205, 	0.521739130435
1.28205128205, 	0.521739130435
1.28205128205, 	0.521739130435
1.28205128205, 	0.521739130435
1.30769230769, 	0.521739130435
0.947368421053, 	0.521739130435
0.947368421053, 	0.521739130435
1.02631578947, 	0.521739130435
1.05263157895, 	0.521739130435
1.05263157895, 	0.521739130435
1.05263157895, 	0.521739130435
1.05263157895, 	0.521739130435
1.07894736842, 	0.521739130435
1.07894736842, 	0.521739130435
1.07894736842, 	0.521739130435
1.21052631579, 	0.521739130435
1.23684210526, 	0.521739130435
1.26315789474, 	0.521739130435
1.26315789474, 	0.521739130435
1.26315789474, 	0.521739130435
1.26315789474, 	0.521739130435
0.810810810811, 	0.521739130435
0.918918918919, 	0.521739130435
0.918918918919, 	0.521739130435
0.972972972973, 	0.521739130435
1.02702702703, 	0.521739130435
1.02702702703, 	0.521739130435
1.02702702703, 	0.521739130435
1.02702702703, 	0.521739130435
1.02702702703, 	0.521739130435
1.05405405405, 	0.521739130435
1.05405405405, 	0.521739130435
1.08108108108, 	0.521739130435
1.18918918919, 	0.521739130435
1.18918918919, 	0.521739130435
1.24324324324, 	0.521739130435
1.24324324324, 	0.521739130435
1.24324324324, 	0.521739130435
0.833333333333, 	0.521739130435
1.0, 	0.521739130435
1.0, 	0.521739130435
1.0, 	0.521739130435
1.0, 	0.521739130435
1.0, 	0.521739130435
1.0, 	0.521739130435
1.02777777778, 	0.521739130435
1.02777777778, 	0.521739130435
1.02777777778, 	0.521739130435
1.02777777778, 	0.521739130435
1.02777777778, 	0.521739130435
1.05555555556, 	0.521739130435
1.19444444444, 	0.521739130435
1.19444444444, 	0.521739130435
1.22222222222, 	0.521739130435
1.22222222222, 	0.521739130435
1.22222222222, 	0.521739130435
1.27777777778, 	0.521739130435
0.8, 	0.521739130435
0.8, 	0.521739130435
0.828571428571, 	0.521739130435
0.857142857143, 	0.521739130435
0.857142857143, 	0.521739130435
0.914285714286, 	0.521739130435
0.971428571429, 	0.521739130435
0.971428571429, 	0.521739130435
0.971428571429, 	0.521739130435
0.971428571429, 	0.521739130435
0.971428571429, 	0.521739130435
1.0, 	0.521739130435
1.0, 	0.521739130435
1.0, 	0.521739130435
1.02857142857, 	0.521739130435
1.08571428571, 	0.521739130435
1.08571428571, 	0.521739130435
1.11428571429, 	0.521739130435
1.11428571429, 	0.521739130435
1.14285714286, 	0.521739130435
1.17142857143, 	0.521739130435
1.2, 	0.521739130435
1.2, 	0.521739130435
1.2, 	0.521739130435
1.2, 	0.521739130435
1.2, 	0.521739130435
1.25714285714, 	0.521739130435
1.25714285714, 	0.521739130435
1.25714285714, 	0.521739130435
1.25714285714, 	0.521739130435
1.25714285714, 	0.521739130435
1.25714285714, 	0.521739130435
1.25714285714, 	0.521739130435
1.28571428571, 	0.521739130435
1.28571428571, 	0.521739130435
1.31428571429, 	0.521739130435
0.882352941176, 	0.521739130435
0.941176470588, 	0.521739130435
1.0, 	0.521739130435
1.0, 	0.521739130435
1.02941176471, 	0.521739130435
1.08823529412, 	0.521739130435
1.11764705882, 	0.521739130435
1.17647058824, 	0.521739130435
1.17647058824, 	0.521739130435
1.20588235294, 	0.521739130435
1.23529411765, 	0.521739130435
1.23529411765, 	0.521739130435
1.23529411765, 	0.521739130435
1.23529411765, 	0.521739130435
1.23529411765, 	0.521739130435
1.23529411765, 	0.521739130435
1.23529411765, 	0.521739130435
1.23529411765, 	0.521739130435
1.26470588235, 	0.521739130435
1.26470588235, 	0.521739130435
1.26470588235, 	0.521739130435
1.29411764706, 	0.521739130435
1.29411764706, 	0.521739130435
1.47058823529, 	0.521739130435
0.909090909091, 	0.521739130435
0.909090909091, 	0.521739130435
0.969696969697, 	0.521739130435
0.969696969697, 	0.521739130435
0.969696969697, 	0.521739130435
1.0, 	0.521739130435
1.0303030303, 	0.521739130435
1.0303030303, 	0.521739130435
1.06060606061, 	0.521739130435
1.06060606061, 	0.521739130435
1.09090909091, 	0.521739130435
1.09090909091, 	0.521739130435
1.15151515152, 	0.521739130435
1.15151515152, 	0.521739130435
1.15151515152, 	0.521739130435
1.15151515152, 	0.521739130435
1.15151515152, 	0.521739130435
1.15151515152, 	0.521739130435
1.21212121212, 	0.521739130435
1.21212121212, 	0.521739130435
1.21212121212, 	0.521739130435
1.21212121212, 	0.521739130435
1.21212121212, 	0.521739130435
1.21212121212, 	0.521739130435
1.21212121212, 	0.521739130435
1.21212121212, 	0.521739130435
1.21212121212, 	0.521739130435
1.21212121212, 	0.521739130435
1.24242424242, 	0.521739130435
1.24242424242, 	0.521739130435
1.24242424242, 	0.521739130435
1.24242424242, 	0.521739130435
1.27272727273, 	0.521739130435
1.27272727273, 	0.521739130435
1.27272727273, 	0.521739130435
1.27272727273, 	0.521739130435
0.875, 	0.521739130435
0.875, 	0.521739130435
0.9375, 	0.521739130435
0.9375, 	0.521739130435
0.9375, 	0.521739130435
0.9375, 	0.521739130435
0.9375, 	0.521739130435
0.9375, 	0.521739130435
0.96875, 	0.521739130435
0.96875, 	0.521739130435
1.0625, 	0.521739130435
1.0625, 	0.521739130435
1.09375, 	0.521739130435
1.125, 	0.521739130435
1.125, 	0.521739130435
1.125, 	0.521739130435
1.15625, 	0.521739130435
1.15625, 	0.521739130435
1.15625, 	0.521739130435
1.1875, 	0.521739130435
1.1875, 	0.521739130435
1.1875, 	0.521739130435
1.1875, 	0.521739130435
1.1875, 	0.521739130435
1.1875, 	0.521739130435
1.1875, 	0.521739130435
1.1875, 	0.521739130435
1.21875, 	0.521739130435
1.21875, 	0.521739130435
1.21875, 	0.521739130435
1.21875, 	0.521739130435
1.25, 	0.521739130435
1.25, 	0.521739130435
1.25, 	0.521739130435
1.25, 	0.521739130435
1.25, 	0.521739130435
1.3125, 	0.521739130435
1.3125, 	0.521739130435
0.838709677419, 	0.521739130435
0.903225806452, 	0.521739130435
0.903225806452, 	0.521739130435
0.903225806452, 	0.521739130435
0.903225806452, 	0.521739130435
0.935483870968, 	0.521739130435
0.935483870968, 	0.521739130435
0.967741935484, 	0.521739130435
0.967741935484, 	0.521739130435
1.06451612903, 	0.521739130435
1.06451612903, 	0.521739130435
1.06451612903, 	0.521739130435
1.09677419355, 	0.521739130435
1.09677419355, 	0.521739130435
1.09677419355, 	0.521739130435
1.09677419355, 	0.521739130435
1.12903225806, 	0.521739130435
1.12903225806, 	0.521739130435
1.12903225806, 	0.521739130435
1.12903225806, 	0.521739130435
1.16129032258, 	0.521739130435
1.16129032258, 	0.521739130435
1.16129032258, 	0.521739130435
1.16129032258, 	0.521739130435
1.16129032258, 	0.521739130435
1.16129032258, 	0.521739130435
1.16129032258, 	0.521739130435
1.1935483871, 	0.521739130435
1.22580645161, 	0.521739130435
1.22580645161, 	0.521739130435
1.22580645161, 	0.521739130435
1.22580645161, 	0.521739130435
1.22580645161, 	0.521739130435
1.22580645161, 	0.521739130435
1.22580645161, 	0.521739130435
1.22580645161, 	0.521739130435
1.29032258065, 	0.521739130435
1.35483870968, 	0.521739130435
0.8, 	0.521739130435
0.866666666667, 	0.521739130435
0.866666666667, 	0.521739130435
0.866666666667, 	0.521739130435
0.866666666667, 	0.521739130435
0.866666666667, 	0.521739130435
0.866666666667, 	0.521739130435
0.866666666667, 	0.521739130435
0.9, 	0.521739130435
0.9, 	0.521739130435
0.9, 	0.521739130435
0.9, 	0.521739130435
0.9, 	0.521739130435
0.933333333333, 	0.521739130435
0.933333333333, 	0.521739130435
0.933333333333, 	0.521739130435
0.933333333333, 	0.521739130435
0.933333333333, 	0.521739130435
0.933333333333, 	0.521739130435
0.933333333333, 	0.521739130435
1.0, 	0.521739130435
1.0, 	0.521739130435
1.0, 	0.521739130435
1.0, 	0.521739130435
1.0, 	0.521739130435
1.0, 	0.521739130435
1.03333333333, 	0.521739130435
1.06666666667, 	0.521739130435
1.06666666667, 	0.521739130435
1.06666666667, 	0.521739130435
1.06666666667, 	0.521739130435
1.06666666667, 	0.521739130435
1.06666666667, 	0.521739130435
1.06666666667, 	0.521739130435
1.06666666667, 	0.521739130435
1.1, 	0.521739130435
1.1, 	0.521739130435
1.1, 	0.521739130435
1.1, 	0.521739130435
1.13333333333, 	0.521739130435
1.13333333333, 	0.521739130435
1.13333333333, 	0.521739130435
1.13333333333, 	0.521739130435
1.13333333333, 	0.521739130435
1.13333333333, 	0.521739130435
1.13333333333, 	0.521739130435
1.13333333333, 	0.521739130435
1.13333333333, 	0.521739130435
1.16666666667, 	0.521739130435
1.16666666667, 	0.521739130435
1.16666666667, 	0.521739130435
1.2, 	0.521739130435
1.2, 	0.521739130435
1.2, 	0.521739130435
1.2, 	0.521739130435
1.2, 	0.521739130435
1.2, 	0.521739130435
1.2, 	0.521739130435
1.2, 	0.521739130435
1.2, 	0.521739130435
1.23333333333, 	0.521739130435
1.26666666667, 	0.521739130435
1.26666666667, 	0.521739130435
1.26666666667, 	0.521739130435
1.26666666667, 	0.521739130435
1.26666666667, 	0.521739130435
1.33333333333, 	0.521739130435
1.33333333333, 	0.521739130435
0.758620689655, 	0.521739130435
0.758620689655, 	0.521739130435
0.827586206897, 	0.521739130435
0.827586206897, 	0.521739130435
0.827586206897, 	0.521739130435
0.827586206897, 	0.521739130435
0.827586206897, 	0.521739130435
0.862068965517, 	0.521739130435
0.896551724138, 	0.521739130435
0.896551724138, 	0.521739130435
0.896551724138, 	0.521739130435
0.896551724138, 	0.521739130435
0.896551724138, 	0.521739130435
0.896551724138, 	0.521739130435
0.965517241379, 	0.521739130435
0.965517241379, 	0.521739130435
0.965517241379, 	0.521739130435
1.03448275862, 	0.521739130435
1.03448275862, 	0.521739130435
1.03448275862, 	0.521739130435
1.06896551724, 	0.521739130435
1.06896551724, 	0.521739130435
1.06896551724, 	0.521739130435
1.10344827586, 	0.521739130435
1.10344827586, 	0.521739130435
1.10344827586, 	0.521739130435
1.10344827586, 	0.521739130435
1.10344827586, 	0.521739130435
1.10344827586, 	0.521739130435
1.10344827586, 	0.521739130435
1.13793103448, 	0.521739130435
1.13793103448, 	0.521739130435
1.13793103448, 	0.521739130435
1.13793103448, 	0.521739130435
1.1724137931, 	0.521739130435
1.1724137931, 	0.521739130435
1.1724137931, 	0.521739130435
1.1724137931, 	0.521739130435
1.1724137931, 	0.521739130435
1.1724137931, 	0.521739130435
1.1724137931, 	0.521739130435
1.20689655172, 	0.521739130435
1.20689655172, 	0.521739130435
1.20689655172, 	0.521739130435
1.24137931034, 	0.521739130435
1.24137931034, 	0.521739130435
1.31034482759, 	0.521739130435
1.31034482759, 	0.521739130435
1.35714285714, 	0.521739130435
1.39285714286, 	0.521739130435
1.42857142857, 	0.521739130435
1.42857142857, 	0.521739130435
1.46428571429, 	0.521739130435
1.57142857143, 	0.521739130435
1.57142857143, 	0.521739130435
1.57142857143, 	0.521739130435
1.64285714286, 	0.521739130435
1.64285714286, 	0.521739130435
1.75, 	0.521739130435
1.82142857143, 	0.521739130435
0.814814814815, 	0.521739130435
0.814814814815, 	0.521739130435
0.851851851852, 	0.521739130435
0.925925925926, 	0.521739130435
0.962962962963, 	0.521739130435
0.962962962963, 	0.521739130435
0.962962962963, 	0.521739130435
0.962962962963, 	0.521739130435
0.962962962963, 	0.521739130435
0.962962962963, 	0.521739130435
0.962962962963, 	0.521739130435
0.962962962963, 	0.521739130435
1.03703703704, 	0.521739130435
1.03703703704, 	0.521739130435
1.03703703704, 	0.521739130435
1.03703703704, 	0.521739130435
1.03703703704, 	0.521739130435
1.03703703704, 	0.521739130435
1.03703703704, 	0.521739130435
1.03703703704, 	0.521739130435
1.03703703704, 	0.521739130435
1.03703703704, 	0.521739130435
1.07407407407, 	0.521739130435
1.11111111111, 	0.521739130435
1.11111111111, 	0.521739130435
1.11111111111, 	0.521739130435
1.11111111111, 	0.521739130435
1.11111111111, 	0.521739130435
1.11111111111, 	0.521739130435
1.11111111111, 	0.521739130435
1.11111111111, 	0.521739130435
1.11111111111, 	0.521739130435
1.11111111111, 	0.521739130435
1.11111111111, 	0.521739130435
1.11111111111, 	0.521739130435
1.14814814815, 	0.521739130435
1.14814814815, 	0.521739130435
1.14814814815, 	0.521739130435
1.14814814815, 	0.521739130435
1.14814814815, 	0.521739130435
1.14814814815, 	0.521739130435
1.14814814815, 	0.521739130435
1.14814814815, 	0.521739130435
1.18518518519, 	0.521739130435
1.18518518519, 	0.521739130435
1.18518518519, 	0.521739130435
1.18518518519, 	0.521739130435
1.18518518519, 	0.521739130435
1.18518518519, 	0.521739130435
1.18518518519, 	0.521739130435
1.18518518519, 	0.521739130435
1.18518518519, 	0.521739130435
1.18518518519, 	0.521739130435
1.25925925926, 	0.521739130435
1.25925925926, 	0.521739130435
1.25925925926, 	0.521739130435
1.25925925926, 	0.521739130435
1.25925925926, 	0.521739130435
1.25925925926, 	0.521739130435
0.814814814815, 	0.521739130435
0.814814814815, 	0.521739130435
0.851851851852, 	0.521739130435
0.925925925926, 	0.521739130435
0.962962962963, 	0.521739130435
0.962962962963, 	0.521739130435
0.962962962963, 	0.521739130435
0.962962962963, 	0.521739130435
0.962962962963, 	0.521739130435
0.962962962963, 	0.521739130435
0.962962962963, 	0.521739130435
0.962962962963, 	0.521739130435
1.03703703704, 	0.521739130435
1.03703703704, 	0.521739130435
1.03703703704, 	0.521739130435
1.03703703704, 	0.521739130435
1.03703703704, 	0.521739130435
1.03703703704, 	0.521739130435
1.03703703704, 	0.521739130435
1.03703703704, 	0.521739130435
1.03703703704, 	0.521739130435
1.03703703704, 	0.521739130435
1.07407407407, 	0.521739130435
1.11111111111, 	0.521739130435
1.11111111111, 	0.521739130435
1.11111111111, 	0.521739130435
1.11111111111, 	0.521739130435
1.11111111111, 	0.521739130435
1.11111111111, 	0.521739130435
1.11111111111, 	0.521739130435
1.11111111111, 	0.521739130435
1.11111111111, 	0.521739130435
1.11111111111, 	0.521739130435
1.11111111111, 	0.521739130435
1.11111111111, 	0.521739130435
1.14814814815, 	0.521739130435
1.14814814815, 	0.521739130435
1.14814814815, 	0.521739130435
1.14814814815, 	0.521739130435
1.14814814815, 	0.521739130435
1.14814814815, 	0.521739130435
1.14814814815, 	0.521739130435
1.14814814815, 	0.521739130435
1.18518518519, 	0.521739130435
1.18518518519, 	0.521739130435
1.18518518519, 	0.521739130435
1.18518518519, 	0.521739130435
1.18518518519, 	0.521739130435
1.18518518519, 	0.521739130435
1.18518518519, 	0.521739130435
1.18518518519, 	0.521739130435
1.18518518519, 	0.521739130435
1.18518518519, 	0.521739130435
1.25925925926, 	0.521739130435
1.25925925926, 	0.521739130435
1.25925925926, 	0.521739130435
1.25925925926, 	0.521739130435
1.25925925926, 	0.521739130435
1.25925925926, 	0.521739130435
0.769230769231, 	0.521739130435
0.846153846154, 	0.521739130435
0.923076923077, 	0.521739130435
0.923076923077, 	0.521739130435
0.923076923077, 	0.521739130435
0.923076923077, 	0.521739130435
0.923076923077, 	0.521739130435
0.961538461538, 	0.521739130435
1.0, 	0.521739130435
1.0, 	0.521739130435
1.0, 	0.521739130435
1.0, 	0.521739130435
1.0, 	0.521739130435
1.0, 	0.521739130435
1.0, 	0.521739130435
1.03846153846, 	0.521739130435
1.07692307692, 	0.521739130435
1.07692307692, 	0.521739130435
1.07692307692, 	0.521739130435
1.07692307692, 	0.521739130435
1.07692307692, 	0.521739130435
1.07692307692, 	0.521739130435
1.07692307692, 	0.521739130435
1.07692307692, 	0.521739130435
1.07692307692, 	0.521739130435
1.07692307692, 	0.521739130435
1.07692307692, 	0.521739130435
1.07692307692, 	0.521739130435
1.07692307692, 	0.521739130435
1.07692307692, 	0.521739130435
1.11538461538, 	0.521739130435
1.11538461538, 	0.521739130435
1.11538461538, 	0.521739130435
1.11538461538, 	0.521739130435
1.15384615385, 	0.521739130435
1.15384615385, 	0.521739130435
1.15384615385, 	0.521739130435
1.15384615385, 	0.521739130435
1.15384615385, 	0.521739130435
1.15384615385, 	0.521739130435
1.15384615385, 	0.521739130435
1.15384615385, 	0.521739130435
1.15384615385, 	0.521739130435
1.15384615385, 	0.521739130435
1.15384615385, 	0.521739130435
1.23076923077, 	0.521739130435
1.23076923077, 	0.521739130435
1.23076923077, 	0.521739130435
1.23076923077, 	0.521739130435
1.23076923077, 	0.521739130435
1.23076923077, 	0.521739130435
0.695652173913, 	0.521739130435
0.782608695652, 	0.521739130435
0.782608695652, 	0.521739130435
0.782608695652, 	0.521739130435
0.782608695652, 	0.521739130435
0.869565217391, 	0.521739130435
0.869565217391, 	0.521739130435
0.869565217391, 	0.521739130435
0.869565217391, 	0.521739130435
0.869565217391, 	0.521739130435
0.869565217391, 	0.521739130435
0.869565217391, 	0.521739130435
0.869565217391, 	0.521739130435
0.869565217391, 	0.521739130435
0.913043478261, 	0.521739130435
0.95652173913, 	0.521739130435
0.95652173913, 	0.521739130435
0.95652173913, 	0.521739130435
0.95652173913, 	0.521739130435
0.95652173913, 	0.521739130435
0.95652173913, 	0.521739130435
0.95652173913, 	0.521739130435
0.95652173913, 	0.521739130435
0.95652173913, 	0.521739130435
0.95652173913, 	0.521739130435
1.0, 	0.521739130435
1.0, 	0.521739130435
1.0, 	0.521739130435
1.04347826087, 	0.521739130435
1.04347826087, 	0.521739130435
1.04347826087, 	0.521739130435
1.04347826087, 	0.521739130435
1.04347826087, 	0.521739130435
1.04347826087, 	0.521739130435
1.04347826087, 	0.521739130435
1.04347826087, 	0.521739130435
1.04347826087, 	0.521739130435
1.04347826087, 	0.521739130435
1.08695652174, 	0.521739130435
1.08695652174, 	0.521739130435
1.13043478261, 	0.521739130435
1.13043478261, 	0.521739130435
1.13043478261, 	0.521739130435
1.13043478261, 	0.521739130435
1.13043478261, 	0.521739130435
1.13043478261, 	0.521739130435
1.13043478261, 	0.521739130435
1.21739130435, 	0.521739130435
1.21739130435, 	0.521739130435
1.21739130435, 	0.521739130435
0.5, 	0.521739130435
0.636363636364, 	0.521739130435
0.727272727273, 	0.521739130435
0.727272727273, 	0.521739130435
0.727272727273, 	0.521739130435
0.727272727273, 	0.521739130435
0.727272727273, 	0.521739130435
0.727272727273, 	0.521739130435
0.727272727273, 	0.521739130435
0.727272727273, 	0.521739130435
0.818181818182, 	0.521739130435
0.818181818182, 	0.521739130435
0.818181818182, 	0.521739130435
0.818181818182, 	0.521739130435
0.818181818182, 	0.521739130435
0.818181818182, 	0.521739130435
0.818181818182, 	0.521739130435
0.818181818182, 	0.521739130435
0.909090909091, 	0.521739130435
0.909090909091, 	0.521739130435
0.909090909091, 	0.521739130435
0.909090909091, 	0.521739130435
0.909090909091, 	0.521739130435
0.909090909091, 	0.521739130435
0.909090909091, 	0.521739130435
0.909090909091, 	0.521739130435
0.909090909091, 	0.521739130435
0.909090909091, 	0.521739130435
0.909090909091, 	0.521739130435
0.909090909091, 	0.521739130435
0.909090909091, 	0.521739130435
0.909090909091, 	0.521739130435
0.909090909091, 	0.521739130435
0.954545454545, 	0.521739130435
1.0, 	0.521739130435
1.0, 	0.521739130435
1.0, 	0.521739130435
1.0, 	0.521739130435
1.0, 	0.521739130435
1.0, 	0.521739130435
1.0, 	0.521739130435
1.0, 	0.521739130435
1.0, 	0.521739130435
1.0, 	0.521739130435
1.0, 	0.521739130435
1.0, 	0.521739130435
1.04545454545, 	0.521739130435
1.04545454545, 	0.521739130435
1.04545454545, 	0.521739130435
1.04545454545, 	0.521739130435
1.09090909091, 	0.521739130435
1.09090909091, 	0.521739130435
1.09090909091, 	0.521739130435
1.09090909091, 	0.521739130435
1.09090909091, 	0.521739130435
1.09090909091, 	0.521739130435
1.09090909091, 	0.521739130435
1.09090909091, 	0.521739130435
1.09090909091, 	0.521739130435
1.09090909091, 	0.521739130435
1.09090909091, 	0.521739130435
1.18181818182, 	0.521739130435
1.18181818182, 	0.521739130435
1.18181818182, 	0.521739130435
1.18181818182, 	0.521739130435
1.18181818182, 	0.521739130435
1.18181818182, 	0.521739130435
1.18181818182, 	0.521739130435
1.18181818182, 	0.521739130435
1.27272727273, 	0.521739130435
0.666666666667, 	0.521739130435
0.666666666667, 	0.521739130435
0.761904761905, 	0.521739130435
0.761904761905, 	0.521739130435
0.761904761905, 	0.521739130435
0.857142857143, 	0.521739130435
0.857142857143, 	0.521739130435
0.857142857143, 	0.521739130435
0.857142857143, 	0.521739130435
0.857142857143, 	0.521739130435
0.857142857143, 	0.521739130435
0.857142857143, 	0.521739130435
0.857142857143, 	0.521739130435
0.857142857143, 	0.521739130435
0.857142857143, 	0.521739130435
0.857142857143, 	0.521739130435
0.857142857143, 	0.521739130435
0.857142857143, 	0.521739130435
0.857142857143, 	0.521739130435
0.857142857143, 	0.521739130435
0.904761904762, 	0.521739130435
0.904761904762, 	0.521739130435
0.952380952381, 	0.521739130435
0.952380952381, 	0.521739130435
0.952380952381, 	0.521739130435
0.952380952381, 	0.521739130435
0.952380952381, 	0.521739130435
0.952380952381, 	0.521739130435
0.952380952381, 	0.521739130435
0.952380952381, 	0.521739130435
0.952380952381, 	0.521739130435
0.952380952381, 	0.521739130435
0.952380952381, 	0.521739130435
0.952380952381, 	0.521739130435
0.952380952381, 	0.521739130435
0.952380952381, 	0.521739130435
0.952380952381, 	0.521739130435
0.952380952381, 	0.521739130435
1.0, 	0.521739130435
1.0, 	0.521739130435
1.0, 	0.521739130435
1.0, 	0.521739130435
1.0, 	0.521739130435
1.0, 	0.521739130435
1.04761904762, 	0.521739130435
1.04761904762, 	0.521739130435
1.04761904762, 	0.521739130435
1.04761904762, 	0.521739130435
1.04761904762, 	0.521739130435
1.04761904762, 	0.521739130435
1.04761904762, 	0.521739130435
1.04761904762, 	0.521739130435
1.04761904762, 	0.521739130435
1.04761904762, 	0.521739130435
1.04761904762, 	0.521739130435
1.14285714286, 	0.521739130435
1.14285714286, 	0.521739130435
1.14285714286, 	0.521739130435
1.14285714286, 	0.521739130435
1.14285714286, 	0.521739130435
1.14285714286, 	0.521739130435
1.14285714286, 	0.521739130435
1.14285714286, 	0.521739130435
1.14285714286, 	0.521739130435
1.14285714286, 	0.521739130435
0.555555555556, 	0.521739130435
0.666666666667, 	0.521739130435
0.666666666667, 	0.521739130435
0.666666666667, 	0.521739130435
0.666666666667, 	0.521739130435
0.666666666667, 	0.521739130435
0.666666666667, 	0.521739130435
0.777777777778, 	0.521739130435
0.777777777778, 	0.521739130435
0.777777777778, 	0.521739130435
0.777777777778, 	0.521739130435
0.777777777778, 	0.521739130435
0.777777777778, 	0.521739130435
0.777777777778, 	0.521739130435
0.833333333333, 	0.521739130435
0.888888888889, 	0.521739130435
0.888888888889, 	0.521739130435
0.888888888889, 	0.521739130435
0.888888888889, 	0.521739130435
0.888888888889, 	0.521739130435
0.888888888889, 	0.521739130435
0.888888888889, 	0.521739130435
0.888888888889, 	0.521739130435
0.888888888889, 	0.521739130435
0.944444444444, 	0.521739130435
0.944444444444, 	0.521739130435
1.0, 	0.521739130435
1.0, 	0.521739130435
1.0, 	0.521739130435
1.0, 	0.521739130435
1.0, 	0.521739130435
1.0, 	0.521739130435
1.11111111111, 	0.521739130435
1.11111111111, 	0.521739130435
1.11111111111, 	0.521739130435
1.11111111111, 	0.521739130435
1.11111111111, 	0.521739130435
0.444444444444, 	0.521739130435
0.588235294118, 	0.521739130435
0.588235294118, 	0.521739130435
0.588235294118, 	0.521739130435
0.588235294118, 	0.521739130435
0.588235294118, 	0.521739130435
0.705882352941, 	0.521739130435
0.705882352941, 	0.521739130435
0.705882352941, 	0.521739130435
0.705882352941, 	0.521739130435
0.705882352941, 	0.521739130435
0.705882352941, 	0.521739130435
0.705882352941, 	0.521739130435
0.823529411765, 	0.521739130435
0.823529411765, 	0.521739130435
0.823529411765, 	0.521739130435
0.823529411765, 	0.521739130435
0.823529411765, 	0.521739130435
0.823529411765, 	0.521739130435
0.823529411765, 	0.521739130435
0.823529411765, 	0.521739130435
0.823529411765, 	0.521739130435
0.823529411765, 	0.521739130435
0.823529411765, 	0.521739130435
0.823529411765, 	0.521739130435
0.882352941176, 	0.521739130435
0.882352941176, 	0.521739130435
0.941176470588, 	0.521739130435
0.941176470588, 	0.521739130435
0.941176470588, 	0.521739130435
0.941176470588, 	0.521739130435
0.941176470588, 	0.521739130435
1.0, 	0.521739130435
1.0, 	0.521739130435
1.05882352941, 	0.521739130435
1.05882352941, 	0.521739130435
1.05882352941, 	0.521739130435
1.05882352941, 	0.521739130435
1.05882352941, 	0.521739130435
0.625, 	0.521739130435
0.625, 	0.521739130435
0.625, 	0.521739130435
0.75, 	0.521739130435
0.75, 	0.521739130435
0.75, 	0.521739130435
0.75, 	0.521739130435
0.75, 	0.521739130435
0.75, 	0.521739130435
0.75, 	0.521739130435
0.75, 	0.521739130435
0.75, 	0.521739130435
0.75, 	0.521739130435
0.75, 	0.521739130435
0.75, 	0.521739130435
0.75, 	0.521739130435
0.8125, 	0.521739130435
0.8125, 	0.521739130435
0.875, 	0.521739130435
0.875, 	0.521739130435
0.875, 	0.521739130435
0.875, 	0.521739130435
0.875, 	0.521739130435
0.875, 	0.521739130435
0.875, 	0.521739130435
0.9375, 	0.521739130435
0.9375, 	0.521739130435
1.0, 	0.521739130435
1.0, 	0.521739130435
1.0, 	0.521739130435
1.0, 	0.521739130435
1.0, 	0.521739130435
0.5, 	0.521739130435
0.666666666667, 	0.521739130435
0.666666666667, 	0.521739130435
0.666666666667, 	0.521739130435
0.666666666667, 	0.521739130435
0.666666666667, 	0.521739130435
0.666666666667, 	0.521739130435
0.666666666667, 	0.521739130435
0.666666666667, 	0.521739130435
0.666666666667, 	0.521739130435
0.666666666667, 	0.521739130435
0.666666666667, 	0.521739130435
0.666666666667, 	0.521739130435
0.666666666667, 	0.521739130435
0.666666666667, 	0.521739130435
0.666666666667, 	0.521739130435
0.666666666667, 	0.521739130435
0.666666666667, 	0.521739130435
0.666666666667, 	0.521739130435
0.733333333333, 	0.521739130435
0.733333333333, 	0.521739130435
0.733333333333, 	0.521739130435
0.733333333333, 	0.521739130435
0.733333333333, 	0.521739130435
0.8, 	0.521739130435
0.8, 	0.521739130435
0.8, 	0.521739130435
0.8, 	0.521739130435
0.8, 	0.521739130435
0.8, 	0.521739130435
0.8, 	0.521739130435
0.933333333333, 	0.521739130435
0.933333333333, 	0.521739130435
0.933333333333, 	0.521739130435
0.933333333333, 	0.521739130435
0.933333333333, 	0.521739130435
0.933333333333, 	0.521739130435
0.933333333333, 	0.521739130435
0.533333333333, 	0.521739130435
0.533333333333, 	0.521739130435
0.533333333333, 	0.521739130435
0.6, 	0.521739130435
0.6, 	0.521739130435
0.6, 	0.521739130435
0.714285714286, 	0.521739130435
1.53846153846, 	0.521739130435
0.833333333333, 	0.521739130435
